DATA
15
20
0.000000
0.000000
0.000000
0.000000
0.000000
0.000000
0.000000
0.000000
0.000000
0.000000
0.000000
0.000000
0.000000
0.000000
0.000000
0.000000
0.000000
0.000000
0.000000
0.000000
0.000000
0.000000
0.000000
0.000000
0.000000
-0.996094
0.000000
0.000000
0.000000
0.000000
0.000000
0.000000
0.000000
0.000000
0.000000
0.000000
0.000000
0.000000
0.000000
0.000000
0.000000
0.000000
0.000000
0.000000
0.000000
-0.996094
-0.996094
0.000000
0.000000
0.000000
0.000000
0.000000
0.000000
0.000000
0.000000
0.000000
0.000000
0.000000
0.000000
0.000000
0.000000
0.000000
0.000000
0.000000
0.000000
-0.996094
-0.996094
-0.996094
0.000000
0.000000
0.000000
0.000000
0.000000
0.000000
0.000000
0.000000
0.000000
0.000000
0.000000
0.000000
0.996094
0.000000
0.000000
0.000000
0.000000
-0.996094
-0.996094
-0.996094
-0.996094
0.000000
0.000000
0.000000
0.000000
0.000000
0.000000
0.000000
0.000000
0.000000
0.000000
0.000000
0.996094
0.000000
0.000000
0.000000
0.000000
-0.996094
-0.996094
-0.996094
-0.996094
-0.996094
0.000000
0.000000
0.000000
0.000000
0.000000
0.000000
0.000000
0.000000
0.000000
0.000000
0.996094
0.000000
0.000000
0.000000
0.000000
-0.996094
-0.996094
-0.996094
-0.996094
-0.996094
-0.996094
0.000000
0.000000
0.000000
0.000000
0.000000
0.000000
0.000000
0.000000
0.000000
0.996094
0.000000
0.000000
0.000000
0.000000
-0.996094
-0.996094
-0.996094
-0.996094
-0.996094
-0.996094
-0.996094
0.000000
0.000000
0.000000
0.000000
0.000000
0.000000
0.000000
0.000000
0.996094
0.000000
0.000000
0.000000
0.000000
-0.996094
-0.996094
-0.996094
-0.996094
-0.996094
-0.996094
-0.996094
-0.996094
0.000000
0.000000
0.000000
0.000000
0.000000
0.000000
0.000000
0.996094
0.000000
0.000000
0.000000
0.000000
-0.996094
-0.996094
-0.996094
-0.996094
-0.996094
-0.996094
-0.996094
-0.996094
-0.996094
0.000000
0.000000
0.000000
0.000000
0.000000
0.000000
0.000000
0.000000
0.000000
0.000000
0.000000
-0.996094
-0.996094
-0.996094
-0.996094
-0.996094
-0.996094
-0.996094
-0.996094
-0.996094
-0.996094
0.000000
0.000000
0.000000
0.000000
0.000000
0.000000
0.000000
0.000000
0.000000
0.000000
-0.996094
-0.996094
-0.996094
-0.996094
-0.996094
-0.996094
-0.996094
-0.996094
-0.996094
-0.996094
-0.996094
0.000000
0.000000
0.000000
0.000000
0.000000
0.000000
0.000000
0.000000
0.000000
-0.996094
-0.996094
-0.996094
-0.996094
-0.996094
-0.996094
-0.996094
-0.996094
-0.996094
-0.996094
-0.996094
-0.996094
0.000000
0.000000
0.000000
0.000000
0.000000
0.000000
0.000000
0.000000
-0.996094
-0.996094
-0.996094
-0.996094
-0.996094
-0.996094
-0.996094
-0.996094
-0.996094
-0.996094
-0.996094
-0.996094
-0.996094
0.000000
0.000000
0.000000
0.000000
0.000000
0.000000
0.000000
0.000000
0.000000
0.000000
0.000000
0.000000
0.000000
0.000000
0.000000
0.000000
0.000000
0.000000
0.000000
0.000000
0.000000
0.000000
